#instance36_1.txt
#area [0, max_x] x [0, max_y]
5 5
#number of points num_pt
36
#coordinates
0 3
3 5
3 1
3 2
1 0
0 2
5 1
4 2
1 1
5 4
1 2
0 4
4 4
2 2
0 0
4 0
2 1
1 3
2 5
4 1
4 5
5 3
1 4
5 5
0 5
5 2
4 3
2 3
3 4
1 5
5 0
3 0
0 1
2 0
3 3
2 4
#end of instance
#Edges of the MST by Prim’s algorithm:
0 11 1
11 24 1
0 5 1
5 32 1
32 14 1
24 29 1
29 22 1
22 17 1
17 10 1
10 8 1
8 4 1
22 35 1
35 27 1
35 18 1
27 13 1
13 16 1
16 33 1
27 34 1
34 28 1
34 3 1
3 2 1
2 31 1
28 1 1
34 26 1
26 12 1
12 20 1
26 7 1
7 19 1
19 15 1
15 30 1
30 6 1
6 25 1
25 21 1
21 9 1
9 23 1
